kinematics:
  shoulder:
    x: 0
    y: 0
    z: 0.1624306072640684
    roll: -0
    pitch: 0
    yaw: -2.327913466333708e-08
  upper_arm:
    x: 6.319559127847573e-05
    y: 0
    z: 0
    roll: 1.569398223700725
    pitch: 0
    yaw: -1.355537350271068e-06
  forearm:
    x: -0.4252092881882505
    y: 0
    z: 0
    roll: 3.140978311478618
    pitch: 3.139915485306155
    yaw: -3.141588724035758
  wrist_1:
    x: -0.3922285197743501
    y: 0.0005937905285947778
    z: 0.1335365217682512
    roll: 3.137146030245404
    pitch: -3.141161425999811
    yaw: 3.141589326764816
  wrist_2:
    x: 6.174724675053766e-05
    y: -0.09954722115364928
    z: 0.0004001556230730301
    roll: 1.56677659160632
    pitch: 0
    yaw: 7.607656282784815e-07
  wrist_3:
    x: 4.345495656182648e-05
    y: 0.09948513839735579
    z: -1.304958163562454e-05
    roll: 1.570665155629323
    pitch: 3.141592653589793
    yaw: 3.141592584501921
  hash: calib_17227118892169485200