eye_on_hand: false
robot_base_frame: base_link
tracking_base_frame: camera_base
transformation:
  pitch: 0.5349760001576646
  qw: 0.6950076766258007
  qx: 0.18745059763060185
  qy: 0.1864365471467691
  qz: -0.6686314506266716
  roll: 0.013071139211061986
  x: 0.006070980252324755
  y: 1.1361064293274783
  yaw: -1.5285338310011543
  z: 0.6919819764614929
